Ch1_100uS_0.5V.wav Size &H3A98  9/26/2020 3:05:00 PM
Ch1_100uS_1.0V.wav Size &H3A98  9/26/2020 3:05:27 PM
0000 00 00 01 00 03 00 00 00  - 00 00 00 00 01 00 06 00 
0000 00 00 01 00 02 00 00 00  - 00 00 00 00 01 00 06 00 

0050 6E 01 EA 00 CA 00 61 00  - 00 00 00 00 00 00 00 00 
0050 6E 01 D9 00 CA 00 61 00  - 00 00 00 00 00 00 00 00 

00D0 00 00 6C 07 00 00 E2 04  - 00 00 40 01 00 00 41 06 
00D0 00 00 58 07 00 00 00 05  - 00 00 2C 01 00 00 36 06 

00E0 00 00 4E 0C 00 00 6C 07  - 00 00 E9 03 0F 00 40 42 
00E0 00 00 58 0C 00 00 58 07  - 00 00 E9 03 0F 00 40 42 

0190 00 00 14 00 03 00 06 00  - 00 00 00 00 00 00 00 00 
0190 00 00 14 00 02 00 06 00  - 00 00 00 00 00 00 00 00 


Ch1_100uS_0.5V.wav Size &H3A98  9/26/2020 3:05:00 PM
Ch1_100uS_2.5V.wav Size &H3A98  9/26/2020 3:05:41 PM
0000 00 00 01 00 03 00 00 00  - 00 00 00 00 01 00 06 00 
0000 00 00 01 00 01 00 00 00  - 00 00 00 00 01 00 06 00 

0050 6E 01 EA 00 CA 00 61 00  - 00 00 00 00 00 00 00 00 
0050 6E 01 D1 00 CA 00 61 00  - 00 00 00 00 00 00 00 00 

00D0 00 00 6C 07 00 00 E2 04  - 00 00 40 01 00 00 41 06 
00D0 00 00 9E 07 00 00 E2 04  - 00 00 2C 01 00 00 50 06 

00E0 00 00 4E 0C 00 00 6C 07  - 00 00 E9 03 0F 00 40 42 
00E0 00 00 80 0C 00 00 9E 07  - 00 00 E9 03 0F 00 40 42 

0190 00 00 14 00 03 00 06 00  - 00 00 00 00 00 00 00 00 
0190 00 00 14 00 01 00 06 00  - 00 00 00 00 00 00 00 00 

Ch1_100uS_2.5V.wav Size &H3A98  9/26/2020 3:05:41 PM
Ch1_200uS_2.5V.wav Size &H3A98  9/26/2020 3:06:21 PM
0010 00 00 00 00 00 00 11 00  - 00 00 00 00 00 00 00 00 
0010 00 00 00 00 00 00 10 00  - 00 00 00 00 00 00 00 00 

0030 90 01 90 01 11 00 00 00  - 00 00 00 00 00 00 00 00 
0030 90 01 90 01 10 00 00 00  - 00 00 00 00 00 00 00 00 

00D0 00 00 9E 07 00 00 E2 04  - 00 00 2C 01 00 00 50 06 
00D0 00 00 9E 07 00 00 E2 04  - 00 00 2C 01 00 00 51 06 

Ch1_100uS_2.5V.wav Size &H3A98  9/26/2020 3:05:41 PM
Ch1_200uS_2.5V.wav Size &H3A98  9/26/2020 3:06:21 PM
0010 00 00 00 00 00 00 11 00  - 00 00 00 00 00 00 00 00 
0010 00 00 00 00 00 00 10 00  - 00 00 00 00 00 00 00 00 

0030 90 01 90 01 11 00 00 00  - 00 00 00 00 00 00 00 00 
0030 90 01 90 01 10 00 00 00  - 00 00 00 00 00 00 00 00 

00D0 00 00 9E 07 00 00 E2 04  - 00 00 2C 01 00 00 50 06 
00D0 00 00 9E 07 00 00 E2 04  - 00 00 2C 01 00 00 51 06 

Ch1_100uS_2.5V.wav Size &H3A98  9/26/2020 3:05:41 PM
Ch1_500uS_2.5V.wav Size &H3A98  9/26/2020 3:06:38 PM
0010 00 00 00 00 00 00 11 00  - 00 00 00 00 00 00 00 00 
0010 00 00 00 00 00 00 0F 00  - 00 00 00 00 00 00 00 00 

0030 90 01 90 01 11 00 00 00  - 00 00 00 00 00 00 00 00 
0030 90 01 90 01 0F 00 00 00  - 00 00 00 00 00 00 00 00 

00D0 00 00 9E 07 00 00 E2 04  - 00 00 2C 01 00 00 50 06 
00D0 00 00 9E 07 00 00 E2 04  - 00 00 2C 01 00 00 4E 06 

00E0 00 00 80 0C 00 00 9E 07  - 00 00 E9 03 0F 00 40 42 
00E0 00 00 80 0C 00 00 9E 07  - 00 00 E8 03 0F 00 FC 44 

00F0 07 00 20 A1 07 00 20 A1  - 00 00 32 00 00 00 32 00 
00F0 07 00 20 A1 07 00 DC A3  - 00 00 32 00 00 00 32 00 


Ch1_100uS_2.5V.wav Size &H3A98  9/26/2020 3:05:41 PM
Ch2_100uS_2.5V.wav Size &H3A98  9/26/2020 3:07:11 PM
0000 00 00 01 00 01 00 00 00  - 00 00 00 00 01 00 06 00 
0000 00 00 01 00 01 00 00 00  - 00 00 00 00 01 00 01 00 

0010 00 00 00 00 00 00 11 00  - 00 00 00 00 00 00 00 00 
0010 00 00 00 00 00 00 11 00  - 00 00 00 00 00 00 01 00 

0050 6E 01 D1 00 CA 00 61 00  - 00 00 00 00 00 00 00 00 
0050 6A 01 5A 00 29 01 55 00  - 00 00 00 00 00 00 00 00 


00D0 00 00 9E 07 00 00 E2 04  - 00 00 2C 01 00 00 50 06 
00D0 00 00 00 00 00 00 00 00  - 00 00 00 00 00 00 00 00 

00E0 00 00 80 0C 00 00 9E 07  - 00 00 E9 03 0F 00 40 42 
00E0 00 00 00 00 00 00 00 00  - 00 00 00 00 00 00 00 00 

00F0 07 00 20 A1 07 00 20 A1  - 00 00 32 00 00 00 32 00 
00F0 00 00 00 00 00 00 00 00  - 00 00 00 00 00 00 00 00 

0100 00 00 00 00 00 00 00 00  - 00 00 00 00 00 00 00 00 
0100 00 00 3A 07 00 00 46 05  - 00 00 FA 00 00 00 3D 06 

0110 00 00 00 00 00 00 00 00  - 00 00 00 00 00 00 00 00 
0110 00 00 80 0C 00 00 3A 07  - 00 00 E9 03 0F 00 40 42 

0120 00 00 00 00 00 00 00 00  - 00 00 00 00 00 00 00 00 
0120 07 00 20 A1 07 00 20 A1  - 00 00 32 00 00 00 32 00 

0190 00 00 14 00 01 00 06 00  - 00 00 00 00 00 00 00 00 
0190 00 00 14 00 01 00 01 00  - 00 00 00 00 00 00 00 00 

